100
0 43 520
1 404 580
2 769 447
3 774 586
4 24 81
5 90 530
6 104 34
7 160 775
8 519 695
9 211 968
10 262 588
11 466 204
12 868 562
13 317 149
14 212 385
15 166 322
16 486 580
17 289 43
18 71 21
19 9 930
20 476 798
21 251 32
22 307 562
23 76 519
24 448 528
25 134 915
26 552 931
27 522 185
28 337 72
29 131 919
30 496 572
31 118 821
32 631 722
33 385 739
34 172 286
35 113 296
36 776 915
37 230 604
38 960 38
39 796 652
40 444 243
41 245 206
42 823 411
43 358 902
44 8 274
45 178 933
46 589 367
47 298 891
48 829 14
49 536 192
50 583 935
51 686 811
52 898 191
53 251 795
54 563 446
55 37 405
56 963 444
57 380 301
58 694 1
59 429 568
60 529 934
61 242 942
62 239 892
63 744 56
64 11 848
##start
65 724 243
66 784 852
67 625 299
68 884 773
69 772 748
70 20 75
71 791 814
72 892 935
73 218 308
74 598 184
75 851 594
76 245 838
77 169 254
78 77 455
79 675 922
##end
80 267 959
81 177 378
82 759 893
83 642 475
84 136 748
85 254 83
86 90 958
87 830 241
88 205 324
89 611 215
90 323 86
91 304 730
92 884 972
93 677 94
94 379 412
95 195 203
96 225 727
97 565 995
98 158 505
99 166 147
